(-4,3)  (-3,3)  (-2,3)  (-1,3)  (0,3)  (1,3)  (2,3)  (3,3)
(-4,2)  (-3,2)  (-2,2)  (-1,2)  (0,2)  (1,2)  (2,2)  (3,2)
(-4,1)  (-3,1)  (-2,1)  (-1,1)  (0,1)  (1,1)  (2,1)  (3,1)
(-4,0)  (-3,0)  (-2,0)  (-1,0)  (0,0)  (1,0)  (2,0)  (3,0)
(-4,-1) (-3,-1) (-2,-1) (-1,-1) (0,-1) (1,-1) (2,-1) (3,-1)
(-4,-2) (-3,-2) (-2,-2) (-1,-2) (0,-2) (1,-2) (2,-2) (3,-2)
(-4,-3) (-3,-3) (-2,-3) (-1,-3) (0,-3) (1,-3) (2,-3) (3,-3)
(-4,-4) (-3,-4) (-2,-4) (-1,-4) (0,-4) (1,-4) (2,-4) (3,-4)

pour le sol
36 17 18 19 20 21
35 16 05 06 07 22
34 15 04 01 08 23
33 14 03 02 09 24
32 13 12 11 10 25
31 30 29 28 27 26